INTERCEPT: [-0.63882365]
SLOPE: [ 4.45302676]